# This puzzle is unsolvable
23
 90   2  87  91  93 173 361  97   8  96 101  14 179 103  15 181  18  17  21 107 106  27  19
 85  86  89   3   1 249  99  94   7  98  13 177 252 185 371 250  20 104 192 108 184 187 257
167  88 169   5 244 308   6 247  10 245  12  11 182 100 484 255  16 253  25 105  22 198  23
171   4 242 170 240 241 243 174 176   9 309 178 455 485 322 315 320 256 112 111 113 318 189
 84 168 164 303 360 307 364 246 448 175 365 452 314 454 261 251 114 109  26  29 183 258 374
238 165  83 305 172 304 408 306 235  92 521 486 414 102 312 317 180 422 324 457 260 186 117
236 234 237 161 359 447  95 413 449 248 362 367 368 313 325 370 316 369 259 458  24 188 110
239 166 233 407 300 409 405 357 446 366 487 411 451 427 415 373 265 463 191 456  30 115 263
163  82 299 356 302 479 358 501 406 417 453 528 416 412 420 254 377 372 418 321   0  28 267
160 232 301 355 363 526 470 481 503 410 311 450 509 483 459 419 319 461 488 378 194 264 323
159  80 158 162 354 404 477 504 505 480 520 510 482 511 376 523 426  36 327  31  33  32 118
 79 231  81 353 445 402 478 401 506 473 462 507 495 310 425 326 423 375 331 193 199 119  34
298 157  78 502 476 352 403 296 522 508 516 519 525 460 424 421 381 196 190 262 116 269 121
 76  77 156 294 297 439 442 438 500 518 444 496 489 524 513 266 464 383 329 197  38  35 195
155 295 230 441 398 399 349 474 436 475 517 512 390 490 492 493 379 388 332 328 122 120 124
 75 229 292 228 351 395 472 497 443 527 494 471 515 391 468 428 514 380 125 126 123 201  37
 74 154 153 291 350 397 392 400 394 343 469 498 467 336 431 430 208 384 491 330 275  40 127
 73 226 227 348 288 293 440 437 396 341 339 499 342 466 334 432 274 271 429 200 382 202  39
 72  71 225 290 346 345 347 344 218 393 340 280 282 277 465 389 132  43 386 207 270 206 203
 70 152 151 224 289 287 285 284 219 217 283 281 213 337 433 387 333 335 268 385  42 204  41
 69 150 223 222 221 145 220 286 143 435 434 215 279 212 133 278 210 136  51 273 130  49 205
 68 149 148 147 146  62 144 142  59 216 338  56  55 214 211 135  52 276 272 134 129  44  45
 67  66  65  64  63  61  60  58 141  57 138 140 139 137  54  53 209  50  46  48 128 131  47
