# This puzzle is unsolvable
25
  1  97  98   4   5   7   6   9 192  15 195 346  12 275 196 197 111 112  17  20  24  21  25 118  26
 95  96   2   3 100 266 268 190 269 106  10 410 107 277 109 110 114  18  19 201 352  22 119  28 205
184 335 180 185  99 101 187 343 406 272 103 104 273 348 409 108 350 276 282 115  23 204 283 281  27
182 186 262 183 337  94 188 189 462  11 344 510  14 193 408  16 200 198 351 414 202 415 117 120 122
264  91 336 263 265 102 339 191 105   8 270 342 512  13 552 199 549 354 349 208 206 285 124  29 121
181  93  92 401 402 341 340 271 194 405 511 551 413 463 274 278 468 553 469 279 286 287 209 207 123
 90 179 261 334 267 400 338 404 506 547 345 465 466 548 347 580 513 280 420 416 355  31 212 284  30
 89 260 332 399 457 403 456 504 459 461 407 505 509 555 411 464 113 412 516 203 126 210  34 127  32
 88 258 333 259 398 453 455 544 545 458 507 579 578 546 584 514   0 353 515 116 288 214 211  33  35
176 178 329 397 454 396 502 542 543 577 602 623 619 550 467 554 473 418 471 557 356 357 291 290 130
177  87 331 255 330 452 501 503 600 460 605 581 615 585 607 472 583 358 213 359 424 215 419 129  36
 86  84 394 393 395 451 541 575 616 508 613 604 612 576 520 606 556 363 518 417 470 475 125 289 216
 83 175 257 256 450 499 572 540 601 603 574 608 517 609 617 588 360 558 586 365 366 421 292  38 131
171 174 389 253 173 498 500 448 598 622 567 568 582 614 559 621 474 519 480 293 476 132  40 128  37
327 172 328 326 391 392 447 538 569 571 599 618 610 590 596 565 361 432 587 299 362 428 423 133 294
 81  85 254 251 445 449 497 496 593 539 597 521 564 437 563 522 525 566 427 426 297 218 295 134  41
168 170 252 446 387 390 495 532 537 595 620 624 611 561 486 523 527 478 477 430 217 364  39 137 135
249 248 444 323 169 324 536 443 530 494 534 234 591 479 589 305 562 524 483 371 219 425 296 298  42
 82 250 388 322 325 159 535 318 570 573 241 529 528 435 531 592 367 434 431 560 300 422 222  44  45
 80  79 167 493 166 381 441 243 533 490 442 487 382 489 311 151 526 377 368 306 227 220 136  43 223
 75 164 321 242 246 240 385 244 386 383 488 309 375 374  59 433 436 303 482 372 224 429 221  53 139
247 165  67  72 492  69 317 439 237 594 314 485 236  55 438 144 481 149 147  52 373  54  46 370  47
 74  77 320 384 245  70 158 239 313 310 440  61 376 232 312  60 308 231 304 369 142 141 138 140 302
 73 316 319  71 161  66 315  68 379 491  64  57 152 484 154 233 153  58 146 150 229 225  50  49 143
 76  78 160 163 162 157 156  65 238 380  63 155 378  62 235 307 228  56 148 301 230 226 145  48  51
