# This puzzle is solvable
50
   1    2    3    4    5    6    7    8    9  573  207  396   12   13  209   16  397   17   18  401   19   22   23   24   25   26   27  410  221  226   32  228   33   34   35   36   37   38  234   39  423   43  241  242  238   45  239  429   48  244
 197  385  198  386  199  201  202  203  204  392   10   11  745   15  208  212  210  215  213   20  216  217  219  405  220  408  223  411  224   30   28  225  415  229  230  418  231  233  235   40  775  604   41  605   42   46  610   49   51  245
 196  194  566  565  200  388  389  740  394   14  742  205  571  577  214  747  399  580  402  581  583  752   21  218  586  588  222   31   29  412  414  593  416  595  417  597  232  421  600  424  236  602  777  778  428  609  426   52   50  243
 195  384  382  562  387  567  568  570  390  391  906  572  206  575  912  398  749  913  750  753  582  755  403  406  757  409  589  756  590  761  227  927  594  767  596  766  931  598  771  934  601   44  237  937  607  434  608  430   53  246
 193  564  383  736  901  903  739  907  741  393 1065 1212  911  211  395  748 1211  909 1069  404  578  585  917  584  922  754  407  760  592  763  591 1228  764  765  599  419  768  772  773 1092 1239  603 1093  776  240  779   47  433  431   54
 192  381  735  563  737  569  902  738  904 1059  905 1209  743  744 1213  400 1064 1066 1068  579  751  916  918  919  587 1077  924  923 1079  413 1080  928  929  930 1085 1087  420 1375  769 1090  935  936  774  938 1094  940  425  247  435   56
 191  380  561  734  898 1204 1053 1058 1207 1208 1060  908  574 1210 1214 1215  576 1217 1218 1356  915 1073 1074 1492  920  759  758 1078  762  926  925 1082 1231 1232 1086  932  933 1372 1089 1237 1091  422  939  427  781  606  780  611  249   55
 379  560  559  733 1056  899 1052 1205 1345 1057 1063 1061 1062  746 1479 1353  910 1216 1358 1489 1072 1071 1221 1222 1361 1223 1224 1617 1734 1367 1229 1622 1083 1084 1230 1502  770 1234 1505 1236 1509 1240 1095 1096  941  612  250  248  432   59
 190  378  731  897 1054  900 1206 1344 1055 1477 1347 1348 1349 1720 1351 1355 1352 1484  914 1359 1220 1360 1491 1614 1076 1075 1494 1363 1226 1366 1497 1498 1081 1233 1738 1371 1235 1504 1088 1377 1238 1378 1241  944  942  782  613  252   58   57
 189  376  732  558  730 1198  896 1600 1346 1602 1478 1480 1604 1350 1719 1721 1354 1608 1067 1487 1490 1357 1613 1362 1618 1496  921 1365 1225 1227 1499 1369 1737 1370 1368 1626 1501 1503 1376 1631 1507 1379 1242  943  783  784  614  436  251  437
 185  187  557  377  729 1051 1201 1343 1475 1476 1717 1715 1482 1481 1483 1722 1605 1609 1486 1070 1610 1728 1729 1615 1616 1495 1840 1364 1619 1620 1623 1621 1624 1740 1373 1508 1849 1374 1627 1744 1629 1380 1244 1098  945  615  616  438  253   60
 184  188  556  375 1202  895 1203 1197 1474 1599 1603 1601 1607 1925 1827 1219 1928 1606 1725 1724 1488 1611 1612 1836 1838 1730 1731 1733 1842 1493 1736 1846 1625 1500 1741 1742 1628 1510 1850 1506 1630 1243 1381 1099  946  785  617  439  254   61
 374  372  893  186  554 1199 1472 1342 1341 1714 1340 1823 1924 1825 2018 1829 1926 1485 1830 1931 1726 1727 1835 1935 1937 1938 1732 1942 1939 1841 1843 1845 1944 1739 1945 1946 1743 1747 1848 1745 1246 1511 1383 1097  947  786  618  440  255   62
 555  551  892  889 1050  891 1473 1200 1597 1716 1826 1718 1824 1923 2100 2019 2102 1828 2020 1834 1832 1932 1934 2026 1936 1837 1839 1735 1941 1940 1943 2034 2036 2035 1847 1851 1948 1746 1633 1634 1632 1382 1100 1245 1101  948  787  441  256   63
 373  183  894  728 1049  726 1338 1339 1470 1712 1598 1596 1713 1822 2017 2176 2103 1723 1929 1831 2104 1933 2025 2027 2186 2109 2028 2033 2188 2032 2191 1844 2116 2119 2037 1947 1950 1949 1852 1513 1384 1385 1247 1102  949  788  619  442  257   64
 182  550  727  370 1047 1048 1337 1336 1595 1471 1711 1821 2016 2015 1927 2101 2179 2180 2021 2022 2024 1833 2108 2107 2185 2111 2029 2112 2257 2113 2031 2117 2193 2120 2039 2038 1951 1853 1748 1635 1512 1386 1248 1103  950  789  620  443  258   65
 181  552  549  553  890 1046  725 1196 1195 1594 1820 1920 2097 2014 2099 2175 2178 2304 2245 2247 1930 2105 2106 2250 2184 2314 2110 2030 2254 2114 2192 2261 2260 2118 2121 2040 1854 1855 1750 1749 1515 1514 1249 1104  951  790  621  444  259   66
 371  180  368  723  722  724 1194 1335 1469 1593 1710 1921 2013 2098 2244 2243 2177 2246 2306 2183 2182 2181 2249 2403 2310 2364 2313 2187 2115 2190 2256 2263 2259 2124 2195 2123 1952 1856 1636 1637 1516 1387 1250 1105  952  791  622  445  260   67
 179  369  367  366  887 1044  888 1334 1592 1465 1818 1708 1819 2012 1922 2173 2174 2303 2023 2248 2400 2307 2309 2363 2253 2365 2251 2312 2255 2316 2258 2317 2194 2196 2041 2122 1953 2043 1751 1752 1638 1517 1251 1106  953  792  623  446  261   68
 178  720  885  886 1042 1043 1045 1193 1467 1591 1817 1709 1918 2010 2011 2172 2096 2242 2305 2356 2308 2359 2404 2405 2406 2407 2367 2189 2315 2410 2369 2368 2319 2197 2125 2042 1955 1954 1857 1518 1389 1388 1252 1107  954  793  624  447  262   69
 365  547  175  884 1190 1191 1192 1466 1333 1468 1590 1919 1917 2095 2094 2171 2241 2355 2354 2401 2402 2358 2360 2361 2362 2252 2441 2366 2444 2411 2321 2318 2409 2262 2198 2044 1858 1859 1640 1639 1519 1390 1253 1108  955  794  625  448  263   70
 174  177 1041  719  721 1464    0 1332 1463 1816 1707 1916 1705 2008 2009 2240 2357 2353 2302 2436 2435 2437 2438 2466 2439 2440 2311 2443 2445 2370 2408 2320 2264 2199 2126 2045 1956 1754 1753 1641 1520 1391 1254 1109  956  795  626  449  264   71
 545  176  548 1039 1040  717 1189 1331 1588 1589 1706 1813 1815 1814 1915 2093 2301 2298 2399 2398 2463 2432 2464 2465 2483 2469 2442 2470 2446 2412 2371 2322 2265 2200 2127 2046 1957 1860 1755 1642 1521 1392 1255 1110  957  796  627  450  265   72
 360  546  364  716  882  883 1330 1329 1462 1584 1704 1587 1812 2007 2238 2170 2169 2168 2299 2397 2352 2434 2461 2482 2467 2468 2488 2472 2471 2413 2372 2323 2266 2201 2128 2047 1958 1861 1756 1643 1522 1393 1256 1111  958  797  628  451  266   73
 713  173  544 1037  363  540 1328 1038 1461 1186 1703 1913 1701 1914 2236 2090 2167 2300 2237 2351 2462 2396 2481 2485 2484 2496 2498 2489 2447 2414 2373 2324 2267 2202 2129 2048 1959 1862 1757 1644 1523 1394 1257 1112  959  798  629  452  267   74
 542  718  541  879  880  881 1188 1459 1187 1702 2006 1911 1586 2091 2092 2166 2239 2235 2431 2392 2391 2395 2433 2497 2499 2487 2490 2473 2448 2415 2374 2325 2268 2203 2130 2049 1960 1863 1758 1645 1524 1395 1258 1113  960  799  630  453  268   75
 362  715  714  877 1327 1325 1035 1324 1460 1585 1811 1699 2004 1912 2088 2089 2296 2297 2350 2459 2495 2460 2494 2479 2486 2492 2491 2474 2449 2416 2375 2326 2269 2204 2131 2050 1961 1864 1759 1646 1525 1396 1259 1114  961  800  631  454  269   76
 543  172  878 1034 1184 1036 1183 1032 1458 1456 1700 1810 1910 2005 2003 2165 2234 2349 2394 2393 2428 2458 2480 2478 2493 2477 2476 2475 2450 2417 2376 2327 2270 2205 2132 2051 1962 1865 1760 1647 1526 1397 1260 1115  962  801  632  455  270   77
 361  359  169  170  539 1185 1326 1457 1583 1697 1806 1581 1809 1909 2086 2087 2233 2295 2348 2390 2347 2427 2457 2456 2455 2454 2453 2452 2451 2418 2377 2328 2271 2206 2133 2052 1963 1866 1761 1648 1527 1398 1261 1116  963  802  633  456  271   78
 168  357  537  358  538  710  874 1033 1323 1698 1582 1908 1808 1999 2085 2164 2291 2294 2232 2345 2429 2388 2426 2425 2424 2423 2422 2421 2420 2419 2378 2329 2272 2207 2134 2053 1964 1867 1762 1649 1528 1399 1262 1117  964  803  634  457  272   79
 354  536  171  712  709  711 1319 1182 1454 1455 1580 1807 2000 2084 2002 2001 2163 2292 2293 2344 2430 2387 2340 2386 2385 2384 2383 2382 2381 2380 2379 2330 2273 2208 2135 2054 1965 1868 1763 1650 1529 1400 1263 1118  965  804  635  458  273   80
 535  164  167  875  873  876 1321 1322 1180 1579 1696 1805 1906 1907 2083 2229 2161 2231 2346 2343 2389 2341 2284 2285 2339 2337 2336 2335 2334 2333 2332 2331 2274 2209 2136 2055 1966 1869 1764 1651 1530 1401 1264 1119  966  805  636  459  274   81
 355  166  708 1181  872 1176 1179 1318 1453 1577 1320 1804 1905 1998 2162 2228 2290 2230 2289 2288 2342 2287 2286 2283 2338 2282 2281 2280 2279 2278 2277 2276 2275 2210 2137 2056 1967 1870 1765 1652 1531 1402 1265 1120  967  806  637  460  275   82
 534  165  356  352  707  869 1031 1576 1574 1451 1695 1803 1997 1996 2159 2082 2157 2227 2226 2225 2224 2223 2222 2221 2220 2219 2218 2217 2216 2215 2214 2213 2212 2211 2138 2057 1968 1871 1766 1653 1532 1403 1266 1121  968  807  638  461  276   83
 353  532  163  704  530 1028 1178 1175 1452 1450 1694 1578 1802 1904 2160 2079 2158 2156 2155 2154 2153 2152 2151 2150 2149 2148 2147 2146 2145 2144 2143 2142 2141 2140 2139 2058 1969 1872 1767 1654 1533 1404 1267 1122  969  808  639  462  277   84
 351  706  531  871 1030  533 1029 1316 1693 1573 1692 1800 1903 1995 2081 2080 2078 2077 2076 2075 2074 2073 2072 2071 2070 2069 2068 2067 2066 2065 2064 2063 2062 2061 2060 2059 1970 1873 1768 1655 1534 1405 1268 1123  970  809  640  463  278   85
 705  162  870  348  528 1025 1449 1315 1177 1317 1902 1899 1801 1898 1901 1992 1991 1990 1989 1988 1987 1986 1985 1984 1983 1982 1981 1980 1979 1978 1977 1976 1975 1974 1973 1972 1971 1874 1769 1656 1535 1406 1269 1124  971  810  641  464  279   86
 349  161  866 1026  529 1027 1173 1448 1575 1313 1690 1799 1994 1993 1795 1897 1896 1895 1894 1893 1892 1891 1890 1889 1888 1887 1886 1885 1884 1883 1882 1881 1880 1879 1878 1877 1876 1875 1770 1657 1536 1407 1270 1125  972  811  642  465  280   87
 702  865  526  159 1314  868 1172 1174 1447 1572 1691 1689 1797 1686 1684 1794 1793 1792 1791 1790 1789 1788 1787 1786 1785 1784 1783 1782 1781 1780 1779 1778 1777 1776 1775 1774 1773 1772 1771 1658 1537 1408 1271 1126  973  812  643  466  281   88
 160  350  347  345  703  867 1311 1312 1571 1443 1687 1900 1796 1567 1685 1683 1682 1681 1680 1679 1678 1677 1676 1675 1674 1673 1672 1671 1670 1669 1668 1667 1666 1665 1664 1663 1662 1661 1660 1659 1538 1409 1272 1127  974  813  644  467  282   89
 158  346 1022  527  700 1024 1171 1445 1446 1170 1568 1798 1688 1566 1565 1564 1563 1562 1561 1560 1559 1558 1557 1556 1555 1554 1553 1552 1551 1550 1549 1548 1547 1546 1545 1544 1543 1542 1541 1540 1539 1410 1273 1128  975  814  645  468  283   90
 157  344  698  701 1023  699 1020 1021 1014 1569 1570 1441 1440 1162 1438 1437 1435 1434 1299 1433 1432 1431 1430 1429 1428 1427 1426 1425 1424 1423 1422 1421 1420 1419 1418 1417 1416 1415 1414 1413 1412 1411 1274 1129  976  815  646  469  284   91
 156  155  697  862  863 1019  864 1169 1444 1308 1013 1442 1163 1439 1304 1303 1302 1436 1300 1298 1297 1296 1295 1294 1293 1292 1291 1290 1289 1288 1287 1286 1285 1284 1283 1282 1281 1280 1279 1278 1277 1276 1275 1130  977  816  647  470  285   92
 154  525  343  524  696 1168 1018 1017 1309 1305 1307 1164 1012  855 1159 1158 1301 1157 1156 1155 1154 1153 1152 1151 1150 1149 1148 1147 1146 1145 1144 1143 1142 1141 1140 1139 1138 1137 1136 1135 1134 1133 1132 1131  978  817  648  471  286   93
 153  342  523  692  861  859 1310 1016 1167  854 1165 1011 1010 1306 1009 1008 1007 1006 1005 1004 1003 1002 1001 1000  999  998  997  996  995  994  993  992  991  990  989  988  987  986  985  984  983  982  981  980  979  818  649  472  287   94
 152  341  522  693  518  858  857 1166  687  856  686 1161 1160  851  850  849  848  847  846  845  844  843  842  841  840  839  838  837  836  835  834  833  832  831  830  829  828  827  826  825  824  823  822  821  820  819  650  473  288   95
 151  340  521  695  694  860  691  690  688 1015  685  853  852  684  683  682  681  680  679  678  677  676  675  674  673  672  671  670  669  668  667  666  665  664  663  662  661  660  659  658  657  656  655  654  653  652  651  474  289   96
 150  339  520  519  517  334  516  514  689  513  512  511  328  509  508  507  506  505  504  503  502  501  500  499  498  497  496  495  494  493  492  491  490  489  488  487  486  485  484  483  482  481  480  479  478  477  476  475  290   97
 149  338  337  336  335  333  332  515  140  137  330  329  510  326  325  324  323  322  321  320  319  318  317  316  315  314  313  312  311  310  309  308  307  306  305  304  303  302  301  300  299  298  297  296  295  294  293  292  291   98
 148  147  146  145  144  143  142  141  139  331  138  136  327  135  134  133  132  131  130  129  128  127  126  125  124  123  122  121  120  119  118  117  116  115  114  113  112  111  110  109  108  107  106  105  104  103  102  101  100   99
